614205,273750,612921
210210,210200
617698,250950,258501,617248,614739,610198,616271
257920,248340,265050
300018,613762,616067,617480,614279,612965,400044,233420,400045,607080
600501
615954,219080
103285
615812,605552
200100
200110
200500
200600,100800,200610,600972
262300,216900,610024,613856,616517
142690,613736,613737
607778
614613,101800
154400,616462
101900
102370,609441,602875
201450,231530,201470
615297,614814,614219,616028,100300,616589
608456,175100,181030
102900
103050
613743,202010,300200,201910,201810
new05,202300
110800
604348,615224
601495,613502,613500,612692,613501,616941,300755,307200
225750,610329,610181,615846,615010,612952,610333
118450,610205
300600
203100,606574,615179,203200,203290,113750,606952
610251
103900
203655
614307
300448,301040
609889
104200,301050,203780
104290,614820
104300,104310,615590,608907,606889,607822
104510,613211,614832,104500,301200,204700,130900,204650,617297,615887,616221,612529,104530,617217,204690,616270
105120,105210,613955,105250,105200
608627,612069,105400,615515,205100,616208,602433,611895,105500,615426,602099,606070,612577,608030,183090,614696,614808,300857,613435,613954
170390
300068,312300
300835,206100,205950,300751,182170,new04,266120,616860,268150,301310
300909,106100,610618
611773
604229,107250,617315,617319,610256,137600,602588,269400,601631
201750,207410
615436,616166,611788,132900,617349,613780,617168
109730,614823
101200
180920
new08,new09,614028
207800,207900
610476,604400,607450,609040,107970,610193,600996,611528,615616
208000,614473
617468,611890,208085,108145,613404,114300,108120,614335,615065,178110,193700,601680,617146
301835
600807,208550,607277,611960,611064,608584
601238,615217,616267,609033,608984,159550,208920,277460
604391,208900
108721,108720,256050
613980,614433,614089,611493,108900,607941,612240,611363,613120,611819,614049,614050,615377,614022,612201,612794,614475,615378,613087,607554
108770,615745
209500
606217,614474,600309,614430
609129,617717,601071
602483,614669,615706
613385,613551,617006,607836,615952
608175
615559,601859,616100,240300,603909
614878,616050,616744,617099,617388,256040
608805
180500,602482
601088
616452
218600
241850
153480
614583,243310
209885
615989,615982,615991,617406,615985,615987,615984,615990,615994,615986,615993,209900,600151,615983,605231,615981
604571,209920
614266
149200
602522,607364,613090,241200,300971,601678
605462,614740
109400
615007,213600,615483,616413
126700
123790
300376
130650
210000
614592
153670,231200
611809
158810,616471
608980
617308,235555,613812,607765,214950
135150
262000
109800
186580
614009,187900,616913,187800,617443,609821,615193,614201
617681,119580
110100
111150
303700
605039
614675,615715,617052
300910,166710,612560,615221,615311
112310
603457
607475
215470
113100,112500,113000,616849,615072,112600,613382,113300,113200,611377
612847,113500
608415
607595
608389,602588,113650,610896
614291,613399,612555,604370,new73,114480
613021,613071,211400
605041
614707,211530
609220,259450
601144,613119,611777,611875,613120,611876,612838,616399,613123
609536,613652,613789,610102,613783,613825,613779,217000,612446,new18,613790,614380,614379
601338
600142
610474
214800
308050
607115
300831
612918
216360
617306
606963
608836,600649,255110,255120
114000
131300
212050,613108,616445
163000,608354
237300
114900
115080,612838
314400,212093
604377,615119,616501
615280,615279,115150,615278
115200,613172,605362,613122,605676,600858,613642,611878,192600,606685,612124,115197,613838,612877,611879,115210,608758,613876,617047,613874,615916,613286,612098,615373,615184,601154,615235,613424,609909,613243,611407,612158,608569,608751,302045,613765,613881,26,613251,613252,615248,115196,115195,601494,613255,613697,611615,604765,607487,613873,613690,613694,601493,615396,612422,604145,613426
157800
160980,608837
609338
115430
201000,614976
116800,611391,116200,605387,611597,616509,604307,609741,116700,601885,601547,613763,611544,613887,610202,612018,615188,610425,116100,302200,106210,212500,610019,615274,116300,116600,600881,614691,604219,612968,115700,615277,610623
600145
212780
117000
209880
617760,160150,615959,255200,614408
224050,613227,614756,604290,610185,212840,604121,616875
105150,605714,137440
125310,616779
603284,116860,603285
612736,300352,612718
612900,617008
601367,606799
214150,610758,616570
612199,617341
204200,610003,610127,204500,610951,256731,614706,256730,615362,162350,204300,600143,601780
603956
169100
302800,606595,617087,607831,607791,614228,616668,192950,609260,616155,118300,616625,608323,611228,601098,616924,616687,616280,600882,605588,617017,601472,616039,601455,615185,604563,614455,615490,118200,616688,615376,214400,607734,118220,606482,601596,311070,607677,613287,608340,614895,607678,601382,609311,614436,607684,608673,607736,607706,615284,616684
610448
617180
614972,211600,602347,147480,615878,601847,243300,605479,617049
118600
215045
200700
302960,302950
215300,612237
118700
610978
260500
233690,306400,233710,233700
608644,615482,615872,614017,613807,616037,613193,612444,615444,615505,611884,608647,613808,615481,615067,606763,300991,610852,612518,616481,612649,617091,612650,615294,614935,614874,617092,616726,615451,615500,614679,615504,244400
215600
215700,605814,603471
600987,225060,303400,616728
119600
609535
216400,133540
614654,614651,607426,616276,614650,614652,612016
303600
616938,135900,614608,614607,614609
610313,272430,617055
615522
616294,112240
303900,190900,303800
614337,614350,114500,new78,613244,612229,612591,new73,132600,609310,614385,615083,120435,614331,608812,new17
611721
233650
144250,602491
617780,312863
611719,617228,615440,616239,609060,614946,616672,616198,614096,610505,614932,616794,617713,615917,614924,610678,610498,614947,615578,613559,614582,614702,617664,614922,616974,300816,616539
120790
609814,613912,610984
615973,610283,616502,615860,604393,612775,610381,603649,612657,614500,602093,120970,608194,613093,600977,300476,610427,601777,304020,617236,615374,604116,613660
610805,143400,617641
277180
604168,614482
616266
611209,607143,614576,300934,603147,608093,608779,613661,612015,615042,614727,612379,603585,610768,609180,601110,612937,607091,616829,608799,602579,212066,613612,615273,300896,613489,212065,614921,608776,616828,608540,266265,616721,606056,611182,608104
306955,615779,617364,617602,617360,614980
218040
615237,300048
217095
121050
602066
136800,607541,217400,122000,217700,122200,609140,204870,608471,613270,new19,615523,121800,609141,613267,608470,602082,613268,121850,121820,610048,121900
300590,300882,122470,610759,614701
300472,304100
615411,610042,614039,614115,615282,615412,615763,610031,613180,615771
604931,614662
310490
615109,615106,616858,612359,158350,615107,615108
218330,613610,122860,614099
122880
218400,123000
604757,616602,614188,new20,123100,617439,614416,615314,600775,615529
123320
123400
218800,606785
612247,123500
185020
615849
601707
614434,219200,614437,614438,219100,613177,219150,612940,617402,616603,617403,123700
613977
132700
219500
219700
220100,219800,219900,219750
609162
600721,613657
261515
220500
124200
278800
609006,616958,601072,580000,221200,613391,614945,601544,601317,614035,300614,612643,614934,603622,609706,606705,601386,601543,600994,608641,615540,601868,614152,606346,607039,604717,304500,614617,614944,611451,616044,609646,613718,617639,610220,616357,613916,605594,601071,600652,613074,616697,600965,608265,607084,612644,300066,new23,608224,613307,600974,610706,610419,600101,601369,124480,611022,601869,613285,607821,610265,124900,605583,609823,609439,614861,613079,612645,617772,609533,600316,607101,300475,614899,603720,220290,608565,616340,615629,600791,600971,617637,601316,602459,600060,617663,602092,605192,603629,614614,304400,610153
194380,616689
145900
117300,600274,600795,176500,new97,127750
300555,300009
125420,125400
125500,125490
194080
607907
125595
251450,615777
135290
188400
304800,125800,125700
606176,616087,606394,601942,601283,125852,609812,610508,610199,612227,616329,613370,610582,612520,222100,125853,610374,600320,601410,610549,616511,612225,601388,613375,612522
612563,105650,612527,615909,610629,606164,612561,612562,612528,613308,613309
610187
613217,214700,610370,614616,616868,270420
222600
606835
119900
615821
613571
615327,179850,615696
228900
617041,604356
607323
310200
223800
615402,127400
224120,224100,615631,613673
202400,616004
127550,613987,613989,613988,305000,224230,613990,615190,616353
616921
224410
128101,615034,224500,159900,602629,new25,new98,612067,601042,128230,617282,128100,128235,314250,615073,616398,616411,612716,617284
189500,614941,129490,617392,613573,616029,224900,614940,300301,604536,300291,614931,129500,225280,305100,612132,602032
225200,225100,129600
604292
614557,615539,606408,225410,225320,617174,225400,615349,601776,130060,130070,130050,130080,130000
600002
new27,130600,611804
225500
614038
181350,310300,612999,612998,300696,616516,614302
613001,new40
617669,604218,617086,614388,617668,617193,300673,615924,617207,617186
608089
268100
600791
226400
131750,612138,131960,609638,132000,617294,131900,new26,131850,226650,601001,609352,615028,226730,131800,615425,131950,226600,226700,131760,226670,604129
113800
617276,300088,611136,254780,254900,616341,254800,612269,613060,616436,617665,617391,617166,615473,617106,616645,616577,617020,617290,300884,300672,617389,600512,604233,614018,614417,607876,617339,617711,615476,611726,613720,308350,616339,607628,616366,607682,612899,616211,611277,615871,617113,614959,611942,617132,605375,266100,617118,617116,617162,614558,616139,600513,616346,604364,615338,614847,616981,616187,607208,612949,613863,615005,613722,616056,612164,616685,617153,616647,617105,245570,300607,607681,607631,615744,616409,612437,615369,609304,613721,615859,610353,616457,617350,617281,604403,613477,615905,300491
607078,617719,132450,226900,600204,615923,600969,132400
160120,108500,612656,128200,613855
615552,615551
122400
153650
245340
222800,609820,263400,611783,new29,133100
615508
617525,617756,617524,133200,617526
265000
133239,new99
614782,616736,190300
615363
616854
133701,133700
193235,601813,305390,133780,new119,613310,617572
300321,300422
615139
234000,613235,613225,227500,613625,227400,612416,227600
125350
616415,617100
120100,614468,611762
300514,227650,614083,615272,614082,600901,227645,603467,613951,605724,609054,616435,609053,613390,227646,610832
616026,227810
228000
158901
609016
134700
614418,613863,611277,604403
153640
614326,164280
208150
141749
614524,228520
617626
616219,602078,600638,135700
136120
607341
227260,614974
616032,616220
609218,136520
300624,300623
617667,219000,617666
136680
305620,617137
136760,613451
105550,616437,615911,616439
607485,612069
229700,229600
228930
606812
248200,136880
606777,612126
230500,272800,230650,230600,272750
603358
611465,600803
301006,251300,617730,617729,617731
137215,613659
606764
231000,230800,230900,608013,231005,610539
607313,617542
614185,231050
606170
206700
263210
273800
613100,603383,609887,231300,137760,617272,137750,613086
616568,613029,613028,137800
609886
614131,603965,616002,612551,603278,607832,613237
615962,202200,614736,607398
231690,231670,231680
266130
617301,605899,606664
232800,232220,232300,232400,611881,611556,232240,612933,261740,240600,261670,306000,232700,232200,232500,613027
166260
138800
602361
215140
175700
607624,214450,609227
182230,615925,173100,604271,new37,262400,612781,245590
612938,608747,617093
176305
607236
new100,604091
609016
246450,605911
300323
245010
102500
140000
234500
615465
140350
106260
113900
610140
616617,234580
140700
602089
141200
614034
235200,613313,602390,604250,606069
613978
612631,300908,612300,230450,615512,231900,613470,235700
603552,613101,608898,603553
306700,306900
235510,616006
614025
235550
142330,114550
604484,606071,601152
203300,614075,614072,608233,614074,614077,614073,614076
616749,617205,306955,614779,613751,605376,270100
300049
614226,609637,142946,610828,142945,157170,610829
236270,277410,236250,236200,250940
143100,603218
176670
231090,614293
236600,615219,307000
260920
147060,243700
613677,617027
237900,237450
143880,616963
607748
144010,603776,603813,143890
144650
149400,614619,614618
607685
600886
614462,138500
170500,613345,170400
615947,617347,207750
617013,613280
613752,614300,250850
259900,613616,260000
145001,145000,239200,617343
233910,261630,264070,261640,617384
614207,616809,614749,615716,239300
145250
616214
239500,239510
112410,608622,189800,145500,605115,125853
603373,609152
239850
145750,614480
614441,259100
162000,613092,617056
610600,203400
604091
605019,615558
601198,615361
145980,600740,145981
146000
240800
612702,614839,615267,614837,616030,615271,146110,244200,614840,615270,147950,308700,614897,228300,615266,614858,612370,610628,614880,614838,615269,229070
240900
602014,154020,611718,248190,248250,616418,613882
146200,146255
241410
300554,613312,307800,241520,241530,193100
614435,241550
188740
613679
300758,300633
616816,616801,615419,616900
601553,146520,604379,607903,278150,607823,605389,137940,146550,615885,615059
612076,220150
602540
308205
614732
607676
147750
607626,604777,601277,617574,607602,612281,613943,609165,617571,242500,615023,606545,617320,602400,242300,308100,146590,608649,146700,615024,242100,614457,146800
242600
613953,616873,616636,308230,613496,613860,612783,616622,300645,300853,616576,613179,615207,300636,615707,615592,614894,613494,615978,209950,616433,614889,605258,610798,613796,607594,300584,606843,613495,615966,615607,611521,241600,269840,615617,614699,615206,240500,614891,615387,616005,617744,613493,606367,614893,300972,615577,617638,615468,615816,615897,615615,616126,614890,608106,616740,615401,615513,614700,614172,612782,614162,300988,617514,614892
242860,616911,616910,614069
304790
609529
167320
308300
616483
256600
612261,612567,612245,612244,611081,613148,266600,612278
256800,243000
600072
617173,617532,617450,617333,617452
612852
615486,614748
300640,610799
123150
251255
220400,612347
614465,614424,616490,614464,612285,616654,608091,614970,200990,617120,612291,617622,300804,616781,611560,615636,614173,617757,617761,610688,614615,609583,213300,608629,617767,614175,610188,617121,614815,614844
610069,175050,174900
300867,147920
612713
609242
244460,127000
148190
148210
148600,148350
601952,308800,612908,607654,148700,182000
601887,145600
610253,617768
214300,613702,118100,616549
156550
616592
262650
611722,245200
606693
615604
149730
143890
613707,611554,151100
606593
223000,223100
245349
160500
249700
617182
262500
150250
245660
130720
135750
204000,204100,611755,613829,615360,613843,608553,613341,613837,613835,610612,613826,608133,604232,604537,614186,612712
604169,615092,601494,615373,611878,601493,615396,613424,613426
150600
256000,220111
150800
246200
127300
300322
617194,607598,615368,611369,253310,616286,616503,614915,617022
601626,613065,608232,new39,615545,612376,190685,607785,102578
612840,116920
616683,610532,612438,612233,607694,614381,260600,616763,616140,616420,169500,616881,616494,608804
615651,221820,611105,603896,614561,615889,612951
238320
609265,151623
177200
603543
300952,300887,309801
608709,604367,615980,269700,608594,613877,613327,151660
125853,604367
611771
238600
617255,615191,607432,257320,300215,611603,616212,300067,614019
613070
610168,609192,613795,615582,614816
613688,613695,612955,613693,192500,611819,611818,613485,600919,616249,616247,603830
617435
309000
309520
new72,182280,211980,new51
606690
153400,613480,153100,616843,615907
605027,236000,new11,new41,113970,137245
615122,300635,613011,308240
303350
604308
300960
617053
600496,125851,606392,125850
248000,614192,617011,613075,605309
153600
613112,600208
615489,153800,610698,611953,611378,248200,603075,615439,615591,610149,613761,613784,613778,300834,616118,608895
616152,608970,217800,608161,608051,169150,153700,616151,136550,616170
155755,601800,155601,155600,613099,615134,615848,614456,new42,613972,609048
212112
615381
608612,248370
610536,616367
248450
248500,248510
248600
154700,616914
154780
602535
212720
154800
155100
174800
236700
608978
603194,249000,615397,612284,611134,607361,617562,611561,267010
614665
174000,603860
122100
300989
613925,613926,604004
602501
603387,615938,615937
613839,261100
613800,617063,616835,613804,613803,224690
137550
309350
607174
309400
300997,300423,249500,611090,300659,300271,612580,614340,616078,614499,300558,300495,616521,615502,616393,607417,300210,300982,617601,615942,617270,300998,616193,616917,617028,300850,615802,300055,300676,613671,613670,136630,615541,300749,617635,300957,614104,613970,300263,300143,615761,616973,615286,300984,305400,300243,616944,300706,614020,616083,300802,617600,617125,300919,300860,616977,304340,309580,614255,615074,614254,309549,612337,616268,614249,613443,300436,300799,612621,608443,300986,309530,615866,612581,615075,300849,300958,617752,300422,300803,300387,616351,617751,300123,616579,615516,611091,617432,616355,300699,610156,613192,614563,617323,616116,615637,309541,300966,615834,300114,300968,156200,300967,300987,617188,615599,300486,309548,617061,614202,300419,616158,309583,616269,615828,616362,300983,300260,616739,300844,616311,616789,611093,300354,611092,617773,300978,300912,616281,300534
609535
156240
156250
249900,250100
250400,602111,613073,156510,250460,156530,156500,156400
277410,613646,251100,614857,251000,277400,277380,251110
610377
210720,210710
251270,613668,617604,612703,616335,614261,614852,604317,604804,607196,604321,616486,251200,617090,608393,614673,615760,614833,616817,613402,251230,616033,152950,616834,616171,614231,605622,608716
193220,615458
611038,610125,615145,206900,616428,615113,615877,610092,613704,607932,613094,614497,601186,300166,613517,610093,611040,615524,611638,206920,613703
251750
602481,609634,141500,613656,157300
255320
157600,614508
276300
613662,612075,603041,256810,615418,609560,251880,617184,271245,245400,203700,615084,612073,615471
220110,615158,611126,124000,615159,252011,615838,615157,615453,252010,614052,615160
607459
607829
254130,613319
252150,615501,252160
158000
616095
617598,257300,614114
615750,607151,614042
191900
252600,252605,252650,252500
607014,309900,607016,617303,252940,607015,253220,252920,253000,253200,253010,252930,252900
602849
158320
166300
615398,614080,300868
171400,131100,610755,162300
617613,616370,614299,605711
253290
612961,186500,610017
613834
614160,300559
611307,613158,608807,253280,613153,611588,617404,607155,608840,614830,253600,607801,253700,613156,602771,613151,602541,254110,603511,613723,615181,616538,613818,613155,615041,615350,615287,253601,615249,615352,601954,613154,159001,159000,608099,613157,609308,609115,236670,604286,606612,613205,607855,615356,615351,616827,613150,616052,253800,608423,613204,613152,601287,614643
615120,616228,616720,616040,614198,614750,617239,605809,254210,616325,608931,608930,616326,616324,603034,254300,616322,616313,601462,617143
614286
254450
254600
139210
616421,254770,605021
614937,617235
228550
617675,617158,617030,613076,609452,603689,614065,615673,255160,182920,601419,608358,160565,600462,608810,606768,255310,609524,615883,612954,614399,310440,616231,613561,615511,613869,609200,255125,617258,617114,614321
615348,615731,605355,610687,256030,161800,609284,617336,616165,609285,609273
617238,615946,615420,614167,608908,614292,615431
160900,602668,160800,255700,new49,608390
255960
161000
614157,151600
302350
615972,609549
617075,607107
221770
601214
609284,609285
300539
310468,605990,612287,612286
613820,611498,609057,614196,613550,615573,616892,614377,615244,614845,617575,614199,600995,602088,614809,616217,617609,617783,256370,615382,615861,604387,615008,615862,616730,613159,606966,610725,256300,617271,256100,614844
612926,612922,612924,615008,612923,235400,612925
256520,616038
601634,182940
613013,613014,256700
249400
617672,300894,234200,614298,617145,613068,610217,606159,615643
617481,617527,617393,617710,616975,617268,617755,617493
101000,162200,162210,601321
604320,615575,158580,617721
613640,201300,616505,608654,616488,614116,613115,158590,600794,162400,613708,608634,162500,615548,607641,605285,614213,615632,256840,605253,608895
202700,162800,new50,612541,615285,300299,617014,610738,616022
617025
162900
607476
257200,257220,607625,607616
613830,300071,614565,257270,617024,610445,610444,613216,163500,310500,615058
251260,613078
605820
163950,613224,609942,615355,616559,616564,617506,610733,611553,613563,607721,613706
310600
245900
300814,310700
601665,613886,607447,new52,607514,300306,614962,609734,612362,600955,614963,602025,612460
304150
300500
257850,164200
257980
613411,258100
300895
608615
275400
603554
609535
617743,617712,616780,615774
300000,145410
305450
125250,616732,612989,165300,165500,610708
165550
129400,608864,225060,608874,613705,600625
277170,617563,258860,174300,311200
166350
607850,165720,604864,612400,140600
613982,259420,615066,166220,166200,613848,614856,610967,610968,615220,610915,259440,166210,610682,616507
166250
174810
259720,607634,611497,259730,612301,259710,611490,166600,615085,259700
144750
259770
259500
311300,304120
215150,184840
166900
614291,613399,new44,612555,604370,167000
300510,233300,617690,616185,614324
608115
276400
603896
185000
609136
167200,167210,615726,615728
167250,239000,616833
146510
615255
616099,600231,615598,613000,600962,144200,615735,104100
609069,600001,260370,615935
606719,614320,new55,613347,606856,613348,260350
167800
312000
245000
120330
614165,605373,115310,601650,606864,168000
168300
168400
609597,168500,168550
608355
607060,612953,615528,260300,605909,600116,610297,168600,605543,168601,616710,616840,613135,607688,614203,614251,606324,615530
300818
118800,609446
309510
617039,617035
617115,609796,607936,616295,270300
169400
312080
274600
142680,614674
170650
PAS
614879,614882,614886,614885,614871,614883,614877,614859,614862,266510,614863,214100,614872,614867,614876,614873,614887,202370,614866,601539,214110,614870
614129,616138,615300,617565,233400
168605
261550
175200
101600
606232
171300
601815,300653
300661
172700
172800
602342
609049
610489,610475,614190
172870
614325,610042,610954
617540,102200,300943,new58,219090,102000,617686
182230,613986,262600,262700,221750,613038
173200
613329
601399,614278,617718,608404
151210
601200
173600
615704,604173
613095,263200,617610,173900,600666
617004,174050
263300
174500,174200,174700
615895,263570,616199
606854,616531,615752
615803,613811,617695,277470,607596,615851,225753,617026,611523,614961,614969,614678,616081,612389,615809
119500,263650
614483,175780
175900,616063,175800,616631,614714
263700,176200,176000,176100,612740
617068
176270
176410,615346
new109,614595,609404
614391,270960,614390,614389
617234,616814
601812
300510,612964,615724,608996,615723,311360,616946,612310,611548
615474
606353
606688
609286,615156,258450,613077,157640,610131,616479,617070,609283
606054
611928,611868,176807,603688,601518,614731
308990
176920
300752,177000
300004
617397,251290
177170
609153
264350,614495,614492,177735,614491,614496
612462,603233,103580
612463
264800,177850,610842
614204,177900,616106,605606,602723,614070
616373,178500,614743,614742,616371
609135,614743
615344,178600,615343,615342,615371
234810,265450
612260
266140
312170,608782,614111,266150,266200,245348
601709
612798
266280
614470
262190
605432,616738
300717,300718
144700,605074,300854
137920
191830,208540,601331
267300,604278,179800,611590,602722
267430
275210
615537
610478,610125,610024,615147,617547,new60,617175,613341,248200,610356,605670
250410,610282,613861,613767,617304,613983,616469,612095,610359,136880,614181,610599,600059,608133,608380,300029,613581,616394,616544,300455,609923,613758,617023,180105,312600,612943,614180,602772,612572,613582,614500,617123,180100,601718,604232,600132,617781,613809,613810,613769,615922,613731,613341,611131,617433,600138,615434,616959,600105,601414,615725,606068,615780,613862,613756,613827,607921,616562,613194,613801,617460,613428,613794,613660,600852,613750
180200
613454,312750
268130
609322,613325
268210,268220,180295
616716,215100,600121,222765
208530
180550
606072
220210,300963
268300
180700,616894,616331,268310
180750
268400
180800
613684,180849
616482
603736
269000
183900,184095
612780
269880
184250
615709
101400
611705
604369
609579
181430,300695,181405,181400
163200
609241
269150
269160
224750
615670,162091
255800
617394
614305,269500
269600
605249
606744,617253,210600,613823,616777
616632,617080,605751,607745,121200,121201
212350
616629,609254,610189,616307,606996,613615,266900
300400,602450,601457,611291,608971
615328
609621,609622,609620
614800,617763,165800,617164,617044,617157,616541,614813,616255,602471,300582,615789
617088,611263,613819,616300,615633,615630,614091,617102,613091,617405,263520,615503,266920,616546
260400
256550,269920
269921
608567,163800,614090
603903
616084
270685
300209,312870
147250
616298,182250
614896
210250
612447
607655
133020
616638
607326,615222
614753,117550
604360,604805,612539,613744,611390,609195,614409,617296,615683,615491,605280,182601,270550,601162,604187,615035,611225,615030,612319,615033,614487,617225,616657,270750,616586,609340,312920,600363,613206,617560,614066,614898,611302,615681,610250,182600,607259,108600,609541,610357,614067,612020,616756,615031,270800,607225,270700,613647,612936,616680,613162,616907,603563,610244
616859
245480,617475
273300
270960,617187,243060,613958,309120,612997,617592,415000,614822,615081,606766,613957,617576,615413
182900,616649,270970,612690,612653
253300,159950,600175,614881,615290,182980,313200,253550,611067,158600,616866,271150,615048,300489,301830,253400
615768,600224,615386,133190,608768,610743,617769,616354,607346,606658,607136,616719,604326,615957,616795,614229,603516,604432,164400,610245,614322,213200,613728,117360,616204,607250,613908,609307,605361,183086,610246,615945,117210,614831,616949,614153,164500,617691,606002,605259,616127,609270,607454,183090
616890,225300,605289
272460
122600,277300,613686,608681
603546,300106,143095,313400,271640,610442,616723,602111,208230,608728,616583
608940,250220,184252,602271,613320
605822
271700
275355
new80
184460
248200,603786,600110
184500
614134,609508,108300,604841
184900
608885
185070
609161,616922
271930,617054
185300
184450
272120,608800
601104,260540
185500
265120,610921,614370,610913,300770
617746
156610,616734
615298,185800
609432,186200,186100,186300
186000
152700,612251,612253,614420,609939,601744,610927,605218
601705,614868
205400
186570
600376,187300,615506
611816
300244
187500
new82,613985,603902,604131,141749
187600,187601
607483,249270,613710,614458
614521,601977,187950
274000,616216,188000,273900,new84,313900,612004,300367,604498,314050
613116,612304,188050,188055,613118,612356,612336,614486,614514,176860,300807
new59,274150
607464,616534,155240,188550,188470,new56,145001,new83,608266
274800,274400,274900,607200,274700,274500
274300,609698,188570,145650
600334
103500
601005
607523
617275,617073,604625,106600,616724,313500,150400
137580
131705
608808,613854
248390,154500,613717
190320
601606
614602,222470
616943,234050,616395,616390,601675
609015
614485,190440
174500
158300
608189
613254,191100
610455,211900
276710,276600,276700
600630,614621,614640
254090
276820
615112,236730
606943,611383,276904,276902,605472,601067,614869,276901,614504,602083,276900
314390
276950
239100
615546,601390
192315
192430
600195
603829,612956
614431,614432,614429
615441,614916,192605,611938,614021,604772
219730
617660,617661
610878,613674,615963
607473,277450
604117,124500
193670
148820,613265,277580,103470,608890,193500,611584,193510,613266
614222,614225,600118,615663
122700
193520
613195,608328,277600
193530
615785,193900
601583,194071,194070,616806
301000
194200
222300,604928,614296
194300,616760,278150,604379
278250
603592,278300
278720,278730,278780,610651,278750,278740,278760,278700
216340
135500,616455
607636
119300
193300
613554,277480,193400,177820
new70,609423
103780
607154
610460,616903
607834
606788,610269
300497,300494
614079
147050
143465,613003
615032,300847,300495,613436,300872,300425,612100,300830,615091,300496
614383,614382
606798
600880
607499
610446
609755,212750,609753
120080
617347,607339,143890,608320,610947,610938,614466,608901,new67
614371
605803
614212,608033
606657
614395
600263
140300
614519
609532,610424
614850,613002,610551
600155,613712,613711,142623
new90,608579
241800
108010
148000
245300
608556
246300,613223,610988,607572
603932
612371,608516
611162,609148
615557
612634,612624,612635,612623,612633,612628,603933
254500
126200,614810
132800
146500
607948
608446,new106
188890,612052
258660
164230
607278
602080
167870
610504
607507
180300,604302
612387,181000
614332,613950,181500,604906,617629,600850
106300
613239,188580
266300
612542
606579
610379
617321
new01	MEN1	Adrenal adenoma somatic
new02	CYP11B2	Aldosterone to renin ratio raised
new03	SERPINA3	Alpha-1-antichymotrypsin deficiency
new06	MEN1	Angiofibroma somatic
new10	DRD4	Autonomic nervous system dysfunction
new12	ADRB2	Beta-2-adrenoreceptor agonist reduced response to
new14	MEN1	Carcinoid tumor of lung
new15	SERPINA3	Cerebrovascular disease occlusive
new16	PHKG2	Cirrhosis due to liver phosphorylase kinase deficiency
new22	TOP1,TOP2A	DNA topoisomerase I camptothecin-resistant
new28	HBA1,HBB	Erythremias alpha
new31	VHL	Hemangioblastoma cerebellar somatic
new32	COL4A4	Hematuria, familial benign
new33	CTH	Homocysteine total plasma elevated
new34	CASR	Hypercalciuric hypercalcemia
new43	SDHD	Merkel cell carcinoma, somatic
new46	CRTC1,MAML2	Mucoepidermoid salivary gland carcinoma
new47	ACSL6,MECOM,IRF1	Myelodysplastic syndrome
new48	CXCR4	Myelokathexis, isolated
new119	MXI1	Neurofibrosarcoma
new53	CDKN2A	Orolaryngeal cancer, multiple
new54	PTEN	PTEN hamartoma tumor syndrome
167400
new61	RHAG	Rh-mod syndrome
new64	FGFR2	Scaphocephaly and Axenfeld-Rieger anomaly
new68	ADRA2C,ADRB1	{Congestive heart failure and beta-blocker response, modifier of}
new71	ALOX5,ESR1	{Atherosclerosis, susceptibility to}
new81	CFTR	Sweat chloride elevation without CF
new86	HLA-B	{Drug-induced liver injury due to flucloxacillin}
new87	EDN1	{High density lipoprotein cholesterol level QTL 7}
new88	TAP2	Wegener-like granulomatosis
new89	CYP2C9	Tolbutamide poor metabolizer
new91	ADH1B	{Aerodigestive tract cancer, squamous cell, alcohol-related, protection against}
new92	NQO1	{Benzene toxicity, susceptibility to}
new94	ACE	{SARS, progression of}
new95	FUT2	{Norwalk virus infection, resistance to}
new96	CASR	{Calcium, serum level of}
new102	CFTR	{Hypertrypsinemia, neonatal}
new103	AGRP	{Leanness, inherited}
new104	CYP11B2	{Low renin hypertension, susceptibility to}
new105	BDNF	{Memory impairment, susceptibility to}
new107	PON1	{Organophosphate poisoning, sensitivity to}
new108	NOS3	{Placental abruption}
new110	CASP12,TNF	{Sepsis, susceptibility to}
new111	BCL10	{Sezary syndrome, somatic}
new113	ALDH2	{Sublingual nitroglycerin, susceptibility to poor response to}
new114	HLA-B	{Synovitis, chronic, susceptibility to}
new115	SERPINE1	{Transcription of plasminogen activator inhibitor, modulator of}
new116	MTHFR	{Vascular disease, susceptibility to}
new117	CPS1	{Venoocclusive disease after bone marrow transplantation}
new118	OAS1	{Viral infection, susceptibility to}
